# Created by Octave 6.4.0, Thu Mar 27 14:36:03 2025 -03 <tc12@ltsp190>
# name: P
# type: matrix
# rows: 1
# columns: 11
 1 1.0800000000000001 1.1664000000000001 1.2597120000000002 1.3604889600000001 1.4693280768000001 1.5868743229440001 1.7138242687795202 1.8509302102818819 1.9990046271044322 2.1589249972727869


# name: t
# type: matrix
# rows: 1
# columns: 11
 0 1 2 3 4 5 6 7 8 9 10


